33
11
98
44
77
77
41
44
41
69
67
56
68
44
85
22
57
22
99
73
71
91
89
47
68
77
32
99
96
99
28
75
69
75
24
21
27
98
44
33
31
31
37
87
11
55
44
25
66
44
49
72
22
14
28
79
99
27
16
35
28
64
66
76
22
26
33
33
98
22
77
88
33
33
55
77
17
66
23
62
48
66
33
17
88
32
99
84
88
46
99
44
73
44
21
93
33
74
95
22
99
88
11
11
94
85
16
99
51
67
55
13
65
74
99
15
63
36
61
11
33
33
55
79
99
53
93
99
89
33
92
78
18
69
77
83
87
66
29
33
11
88
42
57
85
91
81
94
31
87
55
78
71
33
55
73
33
55
44
55
99
78
11
88
66
88
77
12
77
99
65
11
12
62
38
17
22
99
61
77
47
22
78
91
66
33
51
59
33
99
65
78
22
22
77
61
31
79
15
33
11
11
55
48
31
57
29
22
66
59
66
94
57
44
53
11
88
44
75
33
18
88
36
14
71
73
66
88
33
51
11
13
17
23
16
77
63
11
99
24
37
99
33
53
76
88
44
22
55
77
16
82
94
31
41
66
31
88
76
69
55
44
57
68
77
91
81
28
25
88
99
87
39
77
86
55
84
63
12
77
22
11
55
33
13
96
55
77
14
83
24
19
78
55
96
44
22
22
83
77
55
33
37
32
35
63
64
35
63
32
64
49
87
11
97
62
22
42
31
38
71
39
88
41
94
11
77
61
81
72
12
43
33
12
39
87
15
77
44
87
97
22
73
88
23
11
88
44
82
34
66
84
51
91
32
58
67
82
22
97
25
19
88
55
61
22
43
39
85
17
55
14
94
69
69
97
86
33
44
44
21
94
22
32
17
76
79
67
67
81
37
18
99
39
17
52
72
37
61
26
43
29
46
77
78
19
77
38
27
33
99
58
77
13
88
99
36
77
91
66
14
55
62
19
58
95
33
86
66
11
63
22
55
13
98
58
78
11
94
77
79
33
33
18
94
55
79
14
48
11
11
56
89
44
62
35
11
67
63
44
77
36
55
43
48
77
66
39
74
56
48
65
18
66
23
34
67
67
55
19
33
66
39
66
66
99
28
54
22
94
29
44
33
67
71
82
72
55
79
87
45
27
66
42
67
43
11
58
66
66
33
81
33
53
51
66
72
91
46
88
66
11
45
33
96
55
34
78
69
61
22
48
48
14
43
57
76
99
77
55
14
34
75
77
33
83
35
45
98
52
13
26
55
31
22
14
49
29
89
88
68
76
89
65
46
53
13
11
77
89
74
33
41
42
36
48
42
35
18
63
42
44
13
84
91
77
99
71
11
74
96
82
13
77
29
72
11
54
55
66
98
77
77
78
17
64
28
14
99
98
72
58
13
66
96
73
44
99
79
38
97
88
22
43
45
66
92
99
55
44
42
76
28
55
66
12
48
44
13
33
86
91
55
54
64
28
62
33
18
77
32
39
88
78
77
81
18
88
11
83
61
31
77
94
77
98
88
99
58
26
66
38
29
43
77
99
27
14
18
66
37
33
63
59
44
69
33
88
44
22
16
83
58
94
22
71
42
88
93
21
88
66
57
33
97
44
22
93
22
66
77
73
96
45
24
26
41
17
11
97
44
59
23
84
44
71
66
33
36
66
74
83
55
18
46
86
29
55
18
77
96
76
79
31
42
88
33
15
77
33
62
86
35
25
98
52
64
56
92
11
65
53
32
65
99
91
77
62
28
52
39
78
37
81
33
67
25
44
22
69
67
73
72
57
33
94
44
67
22
79
42
37
55
49
95
71
59
99
56
44
33
99
59
32
37
21
18
66
22
62
66
33
72
25
22
88
56
49
57
66
33
43
33
44
55
53
26
14
52
48
95
55
55
76
44
66
35
52
84
66
56
62
98
46
44
16
55
24
82
34
99
88
86
36
76
77
88
18
94
44
86
33
63
11
59
99
88
65
63
11
55
99
22
55
14
21
59
66
73
99
99
88
38
13
73
77
99
18
22
34
99
56
99
22
11
16
81
26
46
21
55
75
85
55
22
43
63
49
11
24
46
44
37
83
59
68
51
99
79
81
12
33
15
24
55
46
27
75
99
83
33
66
98
86
14
14
88
24
46
66
16
83
56
57
46
88
17
66
75
11
77
99
77
66
11
77
22
32
77
98
33
77
35
27
11
94
42
59
14
21
91
16
41
85
72
99
17
55
65
38
66
53
59
59
31
67
41
43
68
51
32
45
96
62
88
76
96
63
46
37
